'tp: 383', 'tn: 2226', 'fp: 157', 'fn: 82'
'Recall: 0.8236559139784946'
'Precision: 0.7092592592592593'
'Accuracy: 0.9160814606741573'
