'tp: 63', 'tn: 4595', 'fp: 4642', 'fn: 7'
'Recall: 0.9'
'Precision: 0.013390010626992561'
'Accuracy: 0.5004835070377136'
