'tp: 22', 'tn: 692', 'fp: 52', 'fn: 722'
'Recall: 0.02956989247311828'
'Precision: 0.2972972972972973'
'Accuracy: 0.4798387096774194'
