'tp: 10', 'tn: 9236', 'fp: 1', 'fn: 60'
'Recall: 0.14285714285714285'
'Precision: 0.9090909090909091'
'Accuracy: 0.9934457934887719'
