'tp: 5257', 'tn: 480', 'fp: 1', 'fn: 24'
'Recall: 0.9954554061730733'
'Precision: 0.999809813617345'
'Accuracy: 0.9956612287400208'
