'tp: 1505', 'tn: 1537', 'fp: 7', 'fn: 39'
'Recall: 0.9747409326424871'
'Precision: 0.9953703703703703'
'Accuracy: 0.9851036269430051'
