'tp: 195', 'tn: 863', 'fp: 109', 'fn: 777'
'Recall: 0.2006172839506173'
'Precision: 0.6414473684210527'
'Accuracy: 0.5442386831275721'
