'tp: 17', 'tn: 657', 'fp: 8', 'fn: 11'
'Recall: 0.6071428571428571'
'Precision: 0.68'
'Accuracy: 0.9725829725829725'
