'tp: 4025', 'tn: 103', 'fp: 18', 'fn: 290'
'Recall: 0.93279258400927'
'Precision: 0.995547860499629'
'Accuracy: 0.9305680793507665'
