'tp: 1219', 'tn: 791', 'fp: 466', 'fn: 38'
'Recall: 0.9697692919649961'
'Precision: 0.7234421364985163'
'Accuracy: 0.7995226730310262'
