'tp: 235', 'tn: 246', 'fp: 2', 'fn: 13'
'Recall: 0.9475806451612904'
'Precision: 0.9915611814345991'
'Accuracy: 0.969758064516129'
