'tp: 1206', 'tn: 1025', 'fp: 202', 'fn: 21'
'Recall: 0.9828850855745721'
'Precision: 0.8565340909090909'
'Accuracy: 0.9091279543602282'
