'tp: 4954', 'tn: 289', 'fp: 143', 'fn: 0'
'Recall: 1.0'
'Precision: 0.9719442809495782'
'Accuracy: 0.9734496843668771'
