'tp: 63', 'tn: 4591', 'fp: 4646', 'fn: 7'
'Recall: 0.9'
'Precision: 0.013378636653217243'
'Accuracy: 0.5000537230041904'
