'tp: 65', 'tn: 59', 'fp: 56', 'fn: 50'
'Recall: 0.5652173913043478'
'Precision: 0.5371900826446281'
'Accuracy: 0.5391304347826087'
