'tp: 1980', 'tn: 938', 'fp: 1042', 'fn: 0'
'Recall: 1.0'
'Precision: 0.6551952349437459'
'Accuracy: 0.7368686868686869'
