'tp: 65', 'tn: 100', 'fp: 15', 'fn: 50'
'Recall: 0.5652173913043478'
'Precision: 0.8125'
'Accuracy: 0.717391304347826'
