'tp: 5496', 'tn: 183', 'fp: 0', 'fn: 28'
'Recall: 0.9949312092686459'
'Precision: 1.0'
'Accuracy: 0.9950937445242685'
