'tp: 57', 'tn: 737', 'fp: 5', 'fn: 7'
'Recall: 0.890625'
'Precision: 0.9193548387096774'
'Accuracy: 0.9851116625310173'
