'tp: 4465', 'tn: 693', 'fp: 0', 'fn: 179'
'Recall: 0.9614556416881999'
'Precision: 1.0'
'Accuracy: 0.9664605583661233'
