'tp: 39', 'tn: 1031', 'fp: 6', 'fn: 73'
'Recall: 0.3482142857142857'
'Precision: 0.8666666666666667'
'Accuracy: 0.9312445604873804'
