'tp: 737', 'tn: 635', 'fp: 109', 'fn: 7'
'Recall: 0.9905913978494624'
'Precision: 0.8711583924349882'
'Accuracy: 0.9220430107526881'
