'tp: 1257', 'tn: 125', 'fp: 1132', 'fn: 0'
'Recall: 1.0'
'Precision: 0.5261615738802846'
'Accuracy: 0.5497215592680986'
