'tp: 179', 'tn: 484', 'fp: 2', 'fn: 22'
'Recall: 0.8905472636815921'
'Precision: 0.988950276243094'
'Accuracy: 0.9650655021834061'
