'tp: 258', 'tn: 259', 'fp: 2', 'fn: 3'
'Recall: 0.9885057471264368'
'Precision: 0.9923076923076923'
'Accuracy: 0.9904214559386973'
