'tp: 213', 'tn: 1734', 'fp: 40', 'fn: 408'
'Recall: 0.34299516908212563'
'Precision: 0.841897233201581'
'Accuracy: 0.8129436325678497'
