'tp: 2023', 'tn: 1706', 'fp: 320', 'fn: 3'
'Recall: 0.9985192497532083'
'Precision: 0.8634229620145113'
'Accuracy: 0.9202862783810464'
