'tp: 8748', 'tn: 240', 'fp: 244', 'fn: 9'
'Recall: 0.998972250770812'
'Precision: 0.972864768683274'
'Accuracy: 0.9726220106049129'
