'tp: 4345', 'tn: 550', 'fp: 3', 'fn: 103'
'Recall: 0.9768435251798561'
'Precision: 0.9993100275988961'
'Accuracy: 0.9788042391521695'
