'tp: 138', 'tn: 420', 'fp: 22', 'fn: 8'
'Recall: 0.9452054794520548'
'Precision: 0.8625'
'Accuracy: 0.9489795918367347'
