'tp: 30', 'tn: 581', 'fp: 0', 'fn: 19'
'Recall: 0.6122448979591837'
'Precision: 1.0'
'Accuracy: 0.9698412698412698'
