'tp: 57', 'tn: 591', 'fp: 151', 'fn: 7'
'Recall: 0.890625'
'Precision: 0.27403846153846156'
'Accuracy: 0.8039702233250621'
