'tp: 57', 'tn: 666', 'fp: 1', 'fn: 390'
'Recall: 0.12751677852348994'
'Precision: 0.9827586206896551'
'Accuracy: 0.6490125673249552'
