'tp: 17390', 'tn: 1049', 'fp: 249', 'fn: 326'
'Recall: 0.9815985549785504'
'Precision: 0.9858835534894268'
'Accuracy: 0.9697591248553697'
