'tp: 4217', 'tn: 692', 'fp: 1', 'fn: 427'
'Recall: 0.9080534022394487'
'Precision: 0.9997629208155524'
'Accuracy: 0.9198051339703953'
