'tp: 7667', 'tn: 5521', 'fp: 4642', 'fn: 924'
'Recall: 0.8924455825864277'
'Precision: 0.6228775692582663'
'Accuracy: 0.7032099818705343'
