'tp: 287', 'tn: 309', 'fp: 3', 'fn: 25'
'Recall: 0.9198717948717948'
'Precision: 0.9896551724137931'
'Accuracy: 0.9551282051282052'
