'tp: 65', 'tn: 92', 'fp: 23', 'fn: 50'
'Recall: 0.5652173913043478'
'Precision: 0.7386363636363636'
'Accuracy: 0.6826086956521739'
