'tp: 5601', 'tn: 254', 'fp: 43', 'fn: 82'
'Recall: 0.9855710012317438'
'Precision: 0.9923812898653437'
'Accuracy: 0.9790969899665551'
