'tp: 4283', 'tn: 638', 'fp: 55', 'fn: 361'
'Recall: 0.9222652885443583'
'Precision: 0.9873213462425081'
'Accuracy: 0.9220535881581413'
