'tp: 736', 'tn: 414', 'fp: 380', 'fn: 58'
'Recall: 0.9269521410579346'
'Precision: 0.6594982078853047'
'Accuracy: 0.7241813602015114'
