'tp: 117', 'tn: 346', 'fp: 0', 'fn: 229'
'Recall: 0.33815028901734107'
'Precision: 1.0'
'Accuracy: 0.6690751445086706'
