'tp: 8757', 'tn: 304', 'fp: 180', 'fn: 0'
'Recall: 1.0'
'Precision: 0.9798590130916415'
'Accuracy: 0.9805215885726652'
