'tp: 32', 'tn: 557', 'fp: 24', 'fn: 17'
'Recall: 0.6530612244897959'
'Precision: 0.5714285714285714'
'Accuracy: 0.9349206349206349'
