'tp: 4630', 'tn: 559', 'fp: 134', 'fn: 14'
'Recall: 0.9969853574504737'
'Precision: 0.9718723761544921'
'Accuracy: 0.9722690650178003'
