'tp: 4071', 'tn: 62', 'fp: 311', 'fn: 2'
'Recall: 0.9995089614534741'
'Precision: 0.9290278411684163'
'Accuracy: 0.9295996401259559'
