'tp: 72', 'tn: 535', 'fp: 2', 'fn: 465'
'Recall: 0.1340782122905028'
'Precision: 0.972972972972973'
'Accuracy: 0.5651769087523277'
