'tp: 114', 'tn: 528', 'fp: 0', 'fn: 1'
'Recall: 0.991304347826087'
'Precision: 1.0'
'Accuracy: 0.9984447900466563'
