'tp: 799', 'tn: 673', 'fp: 199', 'fn: 73'
'Recall: 0.9162844036697247'
'Precision: 0.8006012024048096'
'Accuracy: 0.8440366972477065'
